86,43
86,42
86,41
86,40
86,39
86,38
86,37
86,36
86,35
3,1
3,3
10,247
10,222
10,249
10,231
10,245
11,9
11,13
11,6
11,29
11,12
11,23
9,4
9,6
8,13
8,18
8,16
8,8
84,3
84,2
84,1
84,0
82,3
82,2
82,1
82,0
76,3
76,2
76,1
76,0
66,3
66,2
66,1
66,0
63,3
63,2
63,1
63,0
20,3
20,2
20,1
19,3
19,2
19,1
12,3
12,2
12,1
11,30
11,26
11,22
11,20
11,19
11,18
11,17
11,16
11,14
11,4
11,3
11,2
11,1
10,260
10,243
10,229
10,227
10,204
10,196
10,182
10,176
10,127
10,103
10,97
10,95
18,1
10,88
10,24
18,3
14,1
10,15
10,3
14,3
13,1
10,2
10,1
9,7
9,5
9,3
13,3
